-19.0000000000
-20.0000000000
-14.0000000000
-15.0000000000
-13.0000000000
-2.0000000000
-4.0000000000
-18.0000000000
-12.0000000000
-3.0000000000
16.0000000000
-1.0000000000
14.0000000000
39.0000000000
13.0000000000
15.0000000000
36.0000000000
17.0000000000
38.0000000000
37.0000000000
40.0000000000
41.0000000000
67.0000000000
0.0000000000
35.0000000000
102.0000000000
66.0000000000
69.0000000000
18.0000000000
68.0000000000
65.0000000000
140.0000000000
142.0000000000
103.0000000000
101.0000000000
64.0000000000
12.0000000000
99.0000000000
100.0000000000
143.0000000000
105.0000000000
70.0000000000
144.0000000000
104.0000000000
189.0000000000
98.0000000000
242.0000000000
145.0000000000
191.0000000000
190.0000000000
141.0000000000
241.0000000000
299.0000000000
188.0000000000
239.0000000000
187.0000000000
71.0000000000
298.0000000000
42.0000000000
240.0000000000
186.0000000000
106.0000000000
146.0000000000
