0.1955000000
0.1829000000
0.1094800000
0.0472000000
0.0580600000
0.0661800000
0.0204400000
0.0605600000
0.0281400000
0.0438600000
0.0196800000
0.0213400000
0.0188400000
0.0115000000
0.0089200000
0.0257400000
0.0035400000
0.0054600000
0.0106200000
0.0071800000
0.0070200000
0.0018000000
0.0052600000
0.0027400000
0.0002400000
0.0027800000
0.0026800000
0.0061000000
0.0008200000
0.0050200000
0.0012000000
0.0001400000
0.0008400000
0.0032000000
0.0017800000
0.0003400000
0.0000600000
0.0003000000
0.0005200000
0.0018600000
0.0003800000
0.0011600000
0.0009600000
0.0032600000
0.0007800000
0.0000200000
0.0002200000
0.0008800000
0.0004800000
0.0005800000
0.0003000000
0.0002800000
0.0002200000
0.0002600000
0.0000400000
0.0000400000
0.0000400000
0.0000600000
0.0000800000
0.0000400000
0.0000200000
0.0000400000
0.0000200000
