0.3190700000
0.0559400000
0.1338200000
0.0629900000
0.0566100000
0.0772000000
0.0211400000
0.0976600000
0.0191500000
0.0505000000
0.0169400000
0.0046000000
0.0137300000
0.0074600000
0.0058400000
0.0178700000
0.0049800000
0.0139200000
0.0019200000
0.0063100000
0.0022100000
0.0012000000
0.0014800000
0.0003400000
0.0017200000
0.0003000000
0.0002900000
0.0017300000
0.0001200000
0.0005500000
0.0002700000
0.0002200000
0.0009100000
0.0001400000
0.0000900000
0.0000100000
0.0000100000
0.0000100000
0.0001700000
0.0000100000
0.0000800000
0.0002200000
0.0000300000
0.0000100000
0.0000200000
0.0000200000
0.0000100000
0.0001200000
0.0000200000
0.0000400000
